51.3647502356 27.034411723 155.467317073 14.2978134137 
50.4811111111 26.2085371776 148.710972346 12.168006498 
101.902450091 40.6979268055 241.313181864 16.9877729966 
60.2285115304 39.4608340774 240.420689655 19.4317504659 
96.2164948454 41.018471274 240.149879373 18.410176886 
63.535483871 38.6999392769 238.8832315 20.8122880666 
102.83888102 40.4145028858 240.152718637 17.5191724552 
48.7646771037 26.267346423 152.267799527 11.7028950314 
63.8030634573 39.2212563419 239.115012107 20.5145691408 
91.2082987552 40.2113577503 240.353853458 19.0036635496 
95.5043821209 40.7477353816 239.430201203 18.8535924175 
49.4219634991 26.2379172764 154.212264151 14.2189306825 
56.0054697555 26.9953575005 161.329823442 14.6553187672 
100.952974504 39.689596591 241.76163829 16.5620661736 
60.3539325843 36.1393761292 240.296463023 19.2094954171 
54.6974729242 27.449122495 160.651876805 12.8333954332 
